# transform file /home/vinny/Tools/FastSurfer-git/outputs/IXI/mri/transforms/cc_up.lta
# created by vinny on Wed Sep  9 17:47:28 2020

type      = 0 # LINEAR_VOX_TO_VOX
nxforms   = 1
mean      = 129.0000 121.0000 109.0000
sigma     = 10000.0000
1 4 4
9.991651773452759e-01 -4.082965478301048e-02 -1.305705169215798e-03 5.446738243103027e+00 
4.082961753010750e-02 9.991660714149475e-01 -5.335597961675376e-05 2.687103080749512e+01 
1.306794816628098e-03 0.000000000000000e+00 9.999991059303284e-01 1.583318710327148e+01 
0.000000000000000e+00 0.000000000000000e+00 0.000000000000000e+00 1.000000000000000e+00 
src volume info
valid = 1  # volume info valid
filename = /home/vinny/Tools/FastSurfer-git/outputs/IXI/mri/norm.mgz
volume = 256 256 256
voxelsize = 1.000000000000000e+00 1.000000000000000e+00 1.000000000000000e+00
xras   = -1.000000119209290e+00 0.000000000000000e+00 -1.323488980084844e-23
yras   = 0.000000000000000e+00 1.490116119384766e-08 -1.000000119209290e+00
zras   = 0.000000000000000e+00 1.000000119209290e+00 1.490116119384766e-08
cras   = 1.359878540039062e+00 1.223675537109375e+01 2.176138305664062e+01
dst volume info
valid = 1  # volume info valid
filename = /home/vinny/Tools/FastSurfer-git/outputs/IXI/mri/norm.mgz
volume = 256 256 256
voxelsize = 1.000000000000000e+00 1.000000000000000e+00 1.000000000000000e+00
xras   = -1.000000119209290e+00 0.000000000000000e+00 -1.323488980084844e-23
yras   = 0.000000000000000e+00 1.490116119384766e-08 -1.000000119209290e+00
zras   = 0.000000000000000e+00 1.000000119209290e+00 1.490116119384766e-08
cras   = 1.359878540039062e+00 1.223675537109375e+01 2.176138305664062e+01
