type      = 1 # LINEAR_RAS_TO_RAS
nxforms   = 1
mean      = 0.0000 0.0000 0.0000
sigma     = 1.0000
1 4 4
1.012925982475281e+00 3.316000103950500e-03 -5.103800073266029e-02 1.162215948104858e+00 
9.095000103116035e-03 1.031716942787170e+00 2.366770058870316e-01 -1.908470153808594e+01 
2.990099973976612e-02 -2.466319948434830e-01 1.135334014892578e+00 -3.629072570800781e+01 
0.000000000000000e+00 0.000000000000000e+00 0.000000000000000e+00 1.000000000000000e+00 
src volume info
valid = 1  # volume info valid
filename = /home/vinny/Tools/FastSurfer-git/outputs/IXI/mri/orig_nu.mgz
volume = 256 256 256
voxelsize = 1.000000000000000e+00 1.000000000000000e+00 1.000000000000000e+00
xras   = -1.000000119209290e+00 0.000000000000000e+00 -1.323488980084844e-23
yras   = 0.000000000000000e+00 1.490116119384766e-08 -1.000000119209290e+00
zras   = 0.000000000000000e+00 1.000000119209290e+00 1.490116119384766e-08
cras   = 1.359878540039062e+00 1.223675537109375e+01 2.176138305664062e+01
dst volume info
valid = 1  # volume info valid
filename = /home/vinny/Tools/freesurferv6/average/mni305.cor.mgz
volume = 256 256 256
voxelsize = 1.000000000000000e+00 1.000000000000000e+00 1.000000000000000e+00
xras   = -1.000000000000000e+00 0.000000000000000e+00 0.000000000000000e+00
yras   = 0.000000000000000e+00 0.000000000000000e+00 -1.000000000000000e+00
zras   = 0.000000000000000e+00 1.000000000000000e+00 0.000000000000000e+00
cras   = 0.000000000000000e+00 0.000000000000000e+00 0.000000000000000e+00
subject fsaverage
fscale 0.100000
