type      = 0 # LINEAR_VOX_TO_VOX
nxforms   = 1
mean      = 0.0000 0.0000 0.0000
sigma     = 1.0000
1 4 4
1.012926101684570e+00 -5.103800818324089e-02 -3.315999871119857e-03 3.833175659179688e+00 
2.990100346505642e-02 1.135334134101868e+00 2.466320097446442e-01 -3.815739440917969e+01 
-9.095001034438610e-03 -2.366770207881927e-01 1.031717061996460e+00 2.610198974609375e+01 
0.000000000000000e+00 0.000000000000000e+00 0.000000000000000e+00 1.000000000000000e+00 
src volume info
valid = 1  # volume info valid
filename = /home/vinny/Tools/FastSurfer-git/outputs/IXI/mri/orig.mgz
volume = 256 256 256
voxelsize = 1.000000000000000e+00 1.000000000000000e+00 1.000000000000000e+00
xras   = -1.000000119209290e+00 0.000000000000000e+00 -1.323488980084844e-23
yras   = 0.000000000000000e+00 1.490116119384766e-08 -1.000000119209290e+00
zras   = 0.000000000000000e+00 1.000000119209290e+00 1.490116119384766e-08
cras   = 1.359878540039062e+00 1.223675537109375e+01 2.176138305664062e+01
dst volume info
valid = 1  # volume info valid
filename = /home/vinny/Tools/freesurferv6/average/mni305.cor.mgz
volume = 256 256 256
voxelsize = 1.000000000000000e+00 1.000000000000000e+00 1.000000000000000e+00
xras   = -1.000000000000000e+00 0.000000000000000e+00 0.000000000000000e+00
yras   = 0.000000000000000e+00 0.000000000000000e+00 -1.000000000000000e+00
zras   = 0.000000000000000e+00 1.000000000000000e+00 0.000000000000000e+00
cras   = 0.000000000000000e+00 0.000000000000000e+00 0.000000000000000e+00
fscale 0.100000
